17.657138 5.743621 
15.823991 0.218228 
17.660785 11.667268 
5.347204 1.702981 
13.642854 1.666156 
14.35106 11.129843 
8.920787 11.41257 
1.684546 5.543144 
4.872979 4.929249 
0.742095 6.271272 
14.751317 2.667396 
5.930391 4.85524 
3.568671 11.653212 
2.46156 2.738024 
0.525808 9.891331 
16.184401 10.795826 
17.159311 1.998017 
3.427583 0.028938 
12.072691 11.353952 
11.422487 4.464322 
6.010298 1.729319 
11.981276 4.001549 
2.278562 8.503059 
1.287332 3.792735 
5.050321 10.470916 
9.62298 4.455191 
7.368844 0.270506 
18.556117 7.410464 
0.464349 3.283132 
16.436716 0.424799 
2.642831 8.299324 
15.11506 3.943576 
18.515805 0.533252 
10.936792 1.035093 
12.658204 5.389191 
5.176268 0.714864 
0.559713 10.16058 
13.37982 2.841399 
1.10237 3.483305 
12.002489 3.255058 
1.514092 9.515538 
6.48476 8.993904 
7.462876 0.228692 
8.151459 5.365337 
14.832827 9.148163 
6.851249 8.115794 
13.099024 3.128579 
5.872472 11.743898 
3.659219 8.703879 
3.532052 8.17918 
1.27814 3.799746 
0.222838 10.463786 
15.910706 3.192967 
2.654941 7.576805 
19.845846 4.662459 
4.699175 0.843949 
11.190329 0.994606 
9.290342 3.034723 
18.649185 10.061537 
13.682978 3.893098 
5.395745 11.573573 
2.347754 8.012819 
16.692083 3.766083 
15.171595 2.560379 
19.936668 7.693691 
14.714607 2.512248 
9.906615 2.890298 
14.248654 1.104573 
12.723193 0.271732 
2.53848 9.526072 
16.735882 4.133053 
16.190354 6.790632 
5.519264 2.226191 
14.317467 0.029415 
19.392365 10.791948 
8.312686 2.174244 
1.545768 2.163182 
16.361272 4.658724 
6.996004 3.25387 
11.432813 4.449432 
17.200992 8.377681 
6.895011 3.748318 
13.194901 1.846957 
3.258007 7.408653 
13.781971 8.363653 
2.836139 11.394387 
0.190909 4.87725 
4.820659 0.340895 
14.509597 1.471719 
9.789085 2.48947 
19.856657 3.279383 
13.282243 9.571309 
6.323901 8.405194 
11.921388 0.345765 
11.733591 0.965042 
19.808009 8.228023 
2.917912 1.455208 
3.251177 0.838983 
17.562699 6.213944 
8.68205 11.619208 
5.303634 2.921133 
7.629494 3.596866 
14.225376 4.62865 
3.37579 0.573302 
8.179054 3.752219 
19.997315 11.454743 
13.856023 0.607882 
7.746435 10.059882 
18.210445 2.334257 
12.434559 4.691855 
1.973459 11.695458 
5.063871 1.449286 
17.773479 4.909181 
7.360576 4.372436 
16.632974 0.779447 
14.725521 7.211482 
15.832945 7.987995 
12.840284 4.18794 
5.822125 7.442986 
18.502103 6.736855 
16.597315 5.000296 
0.127113 6.388059 
0.142582 1.547695 
16.314376 1.813449 
15.106 8.824437 
10.295065 2.961506 
14.0521 11.887115 
8.762961 0.59004 
12.307907 5.215986 
18.321113 5.739414 
17.0542 10.126226 
3.016559 8.344184 
2.736659 7.351075 
1.425587 9.043002 
12.977379 6.515477 
18.39121 0.475828 
13.976455 2.545977 
15.728051 10.954154 
19.853035 0.193169 
4.955501 9.592058 
8.945064 3.426694 
18.151033 9.113414 
7.173101 9.770876 
13.190377 7.562995 
4.068464 8.925814 
15.076391 1.297997 
14.209665 6.030869 
2.946462 9.499836 
19.161937 8.135197 
15.754038 7.055329 
14.873047 4.722977 
17.485123 5.555645 
19.073487 7.392139 
16.883638 11.550737 
11.446237 1.783441 
16.961512 1.6064 
18.504179 10.479691 
12.449302 0.077373 
1.01395 3.2398 
16.419986 4.822331 
0.451963 8.788667 
19.855301 3.416087 
12.692368 11.808029 
6.595417 1.973286 
3.721473 5.592335 
14.925291 6.743735 
19.185983 2.228695 
4.003872 0.781666 
12.739589 10.823005 
14.870806 2.785303 
6.271276 3.989332 
6.709328 11.242588 
16.63574 5.194459 
12.605815 0.896054 
12.49193 11.342349 
0.545166 4.161381 
13.94837 7.599822 
6.040062 5.914649 
17.655998 7.693708 
19.738611 11.03936 
1.620919 0.99093 
13.622147 2.972408 
13.58104 11.428374 
13.374808 8.926393 
10.12796 11.951771 
19.219568 1.329463 
15.262426 5.654075 
11.625801 10.823798 
5.729382 0.529108 
16.509793 0.977548 
6.609023 5.226413 
4.911801 5.197729 
13.972489 3.026402 
3.211853 0.296811 
0.123828 0.256509 
17.792176 2.069268 
0.649583 2.308923 
13.47626 11.518808 
19.337527 6.374732 
1.969606 9.741123 
0.098292 6.273566 
1.581232 7.157085 
10.733745 1.393813 
1.618207 0.538817 
17.684984 5.387441 
12.867849 3.293915 
3.160944 1.894835 
5.55744 8.398427 
12.857973 11.604233 
12.119124 10.216343 
2.345043 5.62106 
18.322553 2.796522 
14.998796 8.118324 
17.435468 9.888874 
16.462746 6.453775 
14.614093 10.424078 
13.163313 4.369875 
10.954559 2.086173 
0.605677 10.864248 
4.711222 2.507937 
15.222641 6.824791 
5.837158 5.045143 
4.428059 6.38729 
6.74223 2.705767 
9.161115 0.611746 
2.644128 0.149343 
5.16898 6.638584 
15.852093 2.191079 
13.636843 4.569508 
18.494112 11.021316 
19.767188 9.423071 
18.58336 3.523776 
10.669818 0.66573 
7.910243 4.713135 
15.004191 6.90725 
9.89044 11.788467 
5.426003 8.222562 
1.396431 0.973965 
13.139119 6.535262 
1.647622 1.302491 
19.306314 3.723514 
19.813958 4.459323 
17.402242 11.937348 
6.939644 11.959462 
10.016131 2.075248 
15.23426 8.712938 
7.936575 0.194945 
2.304107 4.314946 
10.995985 10.925703 
5.924862 9.007706 
2.713406 0.984512 
1.595837 1.085793 
2.344923 7.470644 
3.799705 2.845514 
6.380817 0.746436 
9.817177 11.150953 
11.279659 0.998938 
18.052188 9.275016 
2.869367 10.176977 
11.345246 3.515932 
4.580044 6.040501 
4.792007 11.382614 
18.667982 7.044604 
7.524442 11.645537 
10.931879 3.258914 
4.899116 7.508542 
7.332902 2.697541 
5.222962 1.821552 
8.850782 0.545717 
3.646551 5.737576 
10.642241 0.284355 
13.15473 6.387895 
15.611874 3.630198 
5.93122 3.911925 
6.222812 4.435222 
16.28739 0.843036 
10.922334 2.048547 
13.197192 2.357949 
19.047112 3.736973 
13.878992 0.598259 
3.32768 6.788209 
15.427906 10.563637 
6.154573 10.81824 
0.030844 7.963089 
10.059013 3.134367 
16.070302 5.41262 
19.921052 3.980863 
4.550832 8.195902 
6.612581 0.45406 
6.894929 8.13247 
11.399352 2.307815 
17.436014 4.315537 
13.874601 0.6906 
7.673946 11.669874 
16.941241 0.217764 
3.124645 11.058944 
14.576059 11.628817 
2.839309 1.733237 
12.083052 4.706408 
11.97928 1.679599 
5.305849 10.865901 
13.505389 9.450392 
0.222392 3.179646 
6.921223 8.96349 
13.055142 11.674475 
19.526842 0.606078 
13.928236 4.300836 
2.389854 9.008717 
18.967759 8.077631 
4.511598 1.472947 
6.541323 5.753921 
11.382033 11.208358 
16.655523 0.606036 
15.008324 9.112924 
1.67704 9.974162 
6.120634 3.942053 
19.498586 6.627366 
0.1948 7.573768 
0.23017 2.790524 
3.924864 7.790873 
4.331203 8.446408 
1.762146 9.3925 
18.283153 10.312172 
0.415054 8.218002 
6.460545 5.823145 
13.37043 4.311675 
14.909208 1.245976 
0.915685 6.533718 
13.711401 7.908402 
8.545574 11.588774 
18.017323 0.965967 
12.208286 4.367616 
19.895047 1.718756 
15.312738 5.533595 
15.124075 0.520866 
18.009566 9.397701 
6.51737 0.640746 
18.058664 0.279551 
16.92141 9.381583 
6.371945 9.252005 
18.577687 10.97076 
18.28679 2.325174 
10.693047 2.245266 
8.001828 2.360014 
7.840843 0.294274 
12.226242 2.86553 
3.576743 9.862696 
2.766839 1.165067 
8.902327 0.138455 
19.672421 11.125186 
18.915034 6.494004 
8.93749 1.211104 
14.737031 1.456476 
2.529097 8.506175 
10.80414 3.909784 
12.640431 10.500018 
14.404551 0.161214 
1.809679 2.692073 
4.716942 6.853774 
14.020876 5.248745 
13.777822 0.217436 
1.702441 9.498981 
10.570547 2.673152 
19.758458 1.160826 
0.784595 5.767393 
6.15842 4.264427 
0.550167 6.305575 
18.796498 3.04754 
0.103812 10.681245 
7.844412 3.082247 
14.440483 3.087734 
12.201208 2.841256 
11.096135 11.343733 
6.588488 9.583155 
18.02409 1.361296 
15.953409 7.084244 
19.480669 5.30562 
4.673393 2.422063 
5.112703 2.509957 
0.696442 4.177222 
7.382729 6.509369 
2.994767 9.905812 
1.718102 0.632071 
8.700234 2.89666 
3.022853 9.104571 
17.116368 6.932342 
12.217681 4.105524 
19.474477 9.834941 
13.131486 1.306518 
2.321536 3.560592 
9.986663 4.474186 
11.287502 4.768655 
3.931697 11.695897 
16.622618 7.400849 
13.013449 5.271481 
5.849847 10.16631 
19.852961 8.554541 
1.364233 4.681865 
14.636146 6.09218 
19.277336 7.834155 
18.385951 7.624685 
6.770249 4.132447 
0.680038 9.044651 
13.458794 3.130591 
8.010043 4.835392 
19.426281 6.363119 
1.465134 11.990794 
13.180009 10.963799 
6.984354 1.104058 
6.049489 4.653914 
4.218736 6.789351 
4.155429 10.092462 
10.840896 2.598231 
3.132387 8.104014 
15.570632 7.049121 
0.239836 3.975462 
2.738689 3.911238 
4.272971 9.798827 
8.305487 4.244455 
1.295241 2.246268 
15.595608 6.74496 
5.197588 10.247687 
5.143913 10.70924 
15.029538 8.448946 
9.774729 4.413552 
19.018764 3.834369 
0.115929 8.105982 
19.854369 9.877721 
1.532661 6.954833 
19.649079 11.936203 
12.935131 8.788107 
0.374692 6.934128 
19.736171 10.832357 
0.806158 10.081862 
