12.25655 7.333437 
10.792739 7.318376 
8.318602 6.599153 
12.106189 6.584742 
9.44125 10.569029 
10.724338 7.039065 
9.690517 6.737945 
10.293087 7.828561 
12.239883 6.635363 
10.265875 8.164199 
7.408395 7.160099 
10.405721 10.520284 
8.86461 6.617914 
8.85303 9.478444 
8.237171 8.014247 
10.281983 8.613037 
12.378783 9.532671 
10.479712 6.854173 
7.784829 9.660643 
10.025111 6.303681 
8.97212 8.572089 
9.693462 8.431374 
10.632848 9.121041 
12.013037 6.972611 
10.451514 7.951216 
12.593304 7.004044 
8.845613 10.187859 
9.162845 6.980747 
9.067816 6.281743 
8.865996 10.19123 
11.46586 8.537153 
11.734711 8.812265 
10.517331 6.593897 
10.94214 8.158409 
9.630812 7.019417 
10.154014 10.058647 
10.270806 8.916578 
9.561817 6.313257 
12.832982 7.880867 
9.764093 7.515837 
11.856231 5.893106 
7.162994 8.513825 
11.609735 7.166667 
10.934109 6.884795 
7.810363 6.763075 
7.488082 7.241318 
10.638719 5.97476 
11.746776 7.252979 
9.15096 8.148125 
8.20655 6.179684 
9.127598 6.736494 
9.357807 9.862831 
7.884487 6.341676 
7.381885 8.814837 
8.055511 9.856674 
11.106447 10.614119 
9.581856 7.146335 
9.334153 7.72702 
11.52098 6.562884 
8.056343 8.165633 
11.76587 8.76338 
11.372576 8.484934 
8.872715 7.836724 
8.049637 9.593611 
8.851906 8.012576 
11.200385 5.783589 
